3,2
3,1
3,3
10,284
10,78
10,128
10,114
10,84
10,86
10,296
10,1
10,282
10,2
10,3
11,22
11,17
11,10
11,19
11,4
11,1
11,16
11,2
11,3
9,7
9,6
9,1
9,4
9,2
9,3
8,12
8,4
8,6
8,16
8,1
8,11
8,2
8,3
0,387
12,2
12,1
12,3
20,2
20,1
20,3
19,2
19,1
19,3
56,5
56,4
56,3
18,1
56,2
56,1
18,3
56,0
55,5
55,4
55,3
55,2
55,1
55,0
54,5
54,4
54,3
54,2
54,1
14,3
54,0
53,5
53,4
53,3
53,2
53,1
53,0
52,5
52,4
52,3
13,1
52,2
52,1
13,3
52,0
51,5
51,4
51,3
51,2
51,1
51,0
50,3
50,2
50,1
50,0
49,6
49,5
49,4
49,3
49,2
49,1
49,0
48,3
48,2
48,1
48,0
47,3
47,2
47,1
47,0
46,3
46,2
46,1
46,0
45,3
45,2
45,1
45,0
44,7
